% # columns="iteration, evaluation, min max(neg(.)) min(pos(.)) max correlation, correlation matrix principal axes lengths  (sorted square roots of eigenvalues of correlation matrix)", seed=1104798, Fri May 23 11:21:17 2025
1 6 -0.05949664947969234 -0.05949664947969234 -0.05949664947969234 -0.05949664947969234 0.9697955199526896 1.0293185364500594
2 12 -0.0050112848977189265 -0.0050112848977189265 -0.0050112848977189265 -0.0050112848977189265 0.9697955199526896 1.0293185364500594
3 18 0.07533006596811238 0.07533006596811238 0.07533006596811238 0.07533006596811238 0.9615975946475155 1.0369812273942631
4 24 0.04018551070597188 0.04018551070597188 0.04018551070597188 0.04018551070597188 0.9615975946475155 1.0369812273942631
5 30 -0.0030811648970664454 -0.0030811648970664454 -0.0030811648970664454 -0.0030811648970664454 0.9984582290225935 1.0015393975760845
6 36 0.07232725063419153 0.07232725063419153 0.07232725063419153 0.07232725063419153 0.9984582290225935 1.0015393975760845
7 42 0.0292417644131759 0.0292417644131759 0.0292417644131759 0.0292417644131759 0.9852706407819246 1.0145155318737984
8 48 0.2807166511400533 0.2807166511400533 0.2807166511400533 0.2807166511400533 0.9852706407819246 1.0145155318737984
9 54 0.19748591915903568 0.19748591915903568 0.19748591915903568 0.19748591915903568 0.8958315024830085 1.094296997692599
10 60 0.13954206592336021 0.13954206592336021 0.13954206592336021 0.13954206592336021 0.8958315024830085 1.094296997692599
11 66 0.05531661159921235 0.05531661159921235 0.05531661159921235 0.05531661159921235 0.9719482436841933 1.027286041762085
12 72 0.14788674006808475 0.14788674006808475 0.14788674006808475 0.14788674006808475 0.9719482436841933 1.027286041762085
13 78 0.20566126207049484 0.20566126207049484 0.20566126207049484 0.20566126207049484 0.8912568305093123 1.0980260753144684
14 84 0.19960251085172834 0.19960251085172834 0.19960251085172834 0.19960251085172834 0.8912568305093123 1.0980260753144684
15 90 0.1270999908686386 0.1270999908686386 0.1270999908686386 0.1270999908686386 0.934291180056497 1.0616496554271746
16 96 0.2830913503779815 0.2830913503779815 0.2830913503779815 0.2830913503779815 0.934291180056497 1.0616496554271746
17 102 0.23521041415294766 0.23521041415294766 0.23521041415294766 0.23521041415294766 0.8745224901893903 1.1114002043156856
18 108 0.38485860847103404 0.38485860847103404 0.38485860847103404 0.38485860847103404 0.8745224901893903 1.1114002043156856
19 114 0.42159406116188874 0.42159406116188874 0.42159406116188874 0.42159406116188874 0.7605300380906145 1.1923061943820845
20 120 0.4426117720836589 0.4426117720836589 0.4426117720836589 0.4426117720836589 0.7605300380906145 1.1923061943820845
21 126 0.18132391947363594 0.18132391947363594 0.18132391947363594 0.18132391947363594 0.9048072062745544 1.0868872616208343
22 132 0.23067462890495424 0.23067462890495424 0.23067462890495424 0.23067462890495424 0.9048072062745544 1.0868872616208343
23 138 0.28350187950304484 0.28350187950304484 0.28350187950304484 0.28350187950304484 0.846462119942148 1.132917419542592
24 144 0.13284298047257084 0.13284298047257084 0.13284298047257084 0.13284298047257084 0.846462119942148 1.132917419542592
25 150 0.021882779342898943 0.021882779342898943 0.021882779342898943 0.021882779342898943 0.9889980893091257 1.0108821787641222
26 156 0.0867428617042897 0.0867428617042897 0.0867428617042897 0.0867428617042897 0.9889980893091257 1.0108821787641222
27 162 0.2401724695163875 0.2401724695163875 0.2401724695163875 0.2401724695163875 0.8716808650438602 1.1136303109723564
28 168 0.18240233553998625 0.18240233553998625 0.18240233553998625 0.18240233553998625 0.8716808650438602 1.1136303109723564
29 174 0.037632004299909344 0.037632004299909344 0.037632004299909344 0.037632004299909344 0.9810035655898967 1.018642235674483
30 180 0.0372606359589226 0.0372606359589226 0.0372606359589226 0.0372606359589226 0.9810035655898967 1.018642235674483
31 186 -1.892388027086318e-05 -1.892388027086318e-05 -1.892388027086318e-05 -1.892388027086318e-05 0.9999905380151002 1.0000094618953717
32 192 0.00299554422472202 0.00299554422472202 0.00299554422472202 0.00299554422472202 0.9999905380151002 1.0000094618953717
33 198 -0.0217454500317247 -0.0217454500317247 -0.0217454500317247 -0.0217454500317247 0.9890675153740898 1.0108142510034792
34 204 -0.05644042883968495 -0.05644042883968495 -0.05644042883968495 -0.05644042883968495 0.9890675153740898 1.0108142510034792
35 210 0.03951113510312258 0.03951113510312258 0.03951113510312258 0.03951113510312258 0.9800453381843502 1.0195641888096711
36 216 0.18070041084335178 0.18070041084335178 0.18070041084335178 0.18070041084335178 0.9800453381843502 1.0195641888096711
37 222 -0.013661753973110003 -0.013661753973110003 -0.013661753973110003 -0.013661753973110003 0.9931456318319534 1.0068077045658272
38 228 0.06722278821409983 0.06722278821409983 0.06722278821409983 0.06722278821409983 0.9931456318319534 1.0068077045658272
39 234 0.13897234942086797 0.13897234942086797 0.13897234942086797 0.13897234942086797 0.9279157561864828 1.067226475224855
40 240 0.35590099487744936 0.35590099487744936 0.35590099487744936 0.35590099487744936 0.9279157561864828 1.067226475224855
41 246 0.3391412255472729 0.3391412255472729 0.3391412255472729 0.3391412255472729 0.8129322077840975 1.1572126967620397
42 252 0.03316597357930857 0.03316597357930857 0.03316597357930857 0.03316597357930857 0.8129322077840975 1.1572126967620397
43 258 0.12262927503312301 0.12262927503312301 0.12262927503312301 0.12262927503312301 0.9366806953102412 1.05954201192455
44 264 -0.31683302793955437 -0.31683302793955437 -0.31683302793955437 -0.31683302793955437 0.9366806953102412 1.05954201192455
45 270 -0.3086451137359604 -0.3086451137359604 -0.3086451137359604 -0.3086451137359604 0.831477532025995 1.1439602762928267
46 276 -0.4646583858272084 -0.4646583858272084 -0.4646583858272084 -0.4646583858272084 0.831477532025995 1.1439602762928267
47 282 -0.39219095780145036 -0.39219095780145036 -0.39219095780145036 -0.39219095780145036 0.7796210888621149 1.1799114194724325
48 288 -0.32365988035133303 -0.32365988035133303 -0.32365988035133303 -0.32365988035133303 0.7796210888621149 1.1799114194724325
49 294 -0.47773418432604375 -0.47773418432604375 -0.47773418432604375 -0.47773418432604375 0.7226796078996255 1.2156209048572848
50 300 -0.4664876686883901 -0.4664876686883901 -0.4664876686883901 -0.4664876686883901 0.7226796078996255 1.2156209048572848
51 306 -0.47255399457612396 -0.47255399457612396 -0.47255399457612396 -0.47255399457612396 0.7262547799662844 1.213488357824715
52 312 -0.319411243405166 -0.319411243405166 -0.319411243405166 -0.319411243405166 0.7262547799662844 1.213488357824715
53 318 -0.3936679473307695 -0.3936679473307695 -0.3936679473307695 -0.3936679473307695 0.7786732643857951 1.1805371435625267
54 324 -0.26465446272215465 -0.26465446272215465 -0.26465446272215465 -0.26465446272215465 0.7786732643857951 1.1805371435625267
55 330 -0.43367647214192406 -0.43367647214192406 -0.43367647214192406 -0.43367647214192406 0.752544701568004 1.1973622977787148
56 336 -0.3225902130656872 -0.3225902130656872 -0.3225902130656872 -0.3225902130656872 0.752544701568004 1.1973622977787148
57 342 -0.4033726883255308 -0.4033726883255308 -0.4033726883255308 -0.4033726883255308 0.7724165402646872 1.184640320234598
58 348 -0.2551246323706819 -0.2551246323706819 -0.2551246323706819 -0.2551246323706819 0.7724165402646872 1.184640320234598
59 354 -0.23850476081439023 -0.23850476081439023 -0.23850476081439023 -0.23850476081439023 0.8726369458059922 1.1128812878354952
60 360 -0.13150345277178535 -0.13150345277178535 -0.13150345277178535 -0.13150345277178535 0.8726369458059922 1.1128812878354952
61 366 -0.08755144752824541 -0.08755144752824541 -0.08755144752824541 -0.08755144752824541 0.9552217294805193 1.0428573476407237
62 372 -0.02566248840969518 -0.02566248840969518 -0.02566248840969518 -0.02566248840969518 0.9552217294805193 1.0428573476407237
63 378 -0.275265489047529 -0.275265489047529 -0.275265489047529 -0.275265489047529 0.8513134034845634 1.129276533470668
64 384 -0.3809031895224572 -0.3809031895224572 -0.3809031895224572 -0.3809031895224572 0.8513134034845634 1.129276533470668
65 390 -0.4254146703998261 -0.4254146703998261 -0.4254146703998261 -0.4254146703998261 0.7580140695265318 1.1939073123152508
66 396 -0.3403920492742531 -0.3403920492742531 -0.3403920492742531 -0.3403920492742531 0.7580140695265318 1.1939073123152508
67 402 -0.20723442883328427 -0.20723442883328427 -0.20723442883328427 -0.20723442883328427 0.8903738378718883 1.0987422030819078
68 408 -0.3659610753799536 -0.3659610753799536 -0.3659610753799536 -0.3659610753799536 0.8903738378718883 1.0987422030819078
69 414 -0.3351470123939362 -0.3351470123939362 -0.3351470123939362 -0.3351470123939362 0.8153851774505493 1.1554856175625623
70 420 -0.09279079452098267 -0.09279079452098267 -0.09279079452098267 -0.09279079452098267 0.8153851774505493 1.1554856175625623
71 426 0.09494604112320308 0.09494604112320308 0.09494604112320308 0.09494604112320308 0.9513432392553156 1.0463966939565525
72 432 0.1716324192967457 0.1716324192967457 0.1716324192967457 0.1716324192967457 0.9513432392553156 1.0463966939565525
73 438 0.3600270366692153 0.3600270366692153 0.3600270366692153 0.3600270366692153 0.7999831019032745 1.166201970787743
74 444 0.43619083682340576 0.43619083682340576 0.43619083682340576 0.43619083682340576 0.7999831019032745 1.166201970787743
75 450 0.30311078495642363 0.30311078495642363 0.30311078495642363 0.30311078495642363 0.8347989069491983 1.1415387794360836
