% # columns="iteration, evaluation, min max(neg(.)) min(pos(.)) max correlation, correlation matrix principal axes lengths  (sorted square roots of eigenvalues of correlation matrix)", seed=1104798, Fri May 23 11:21:17 2025
1 6 0.059496649479692326 0.059496649479692326 0.059496649479692326 0.059496649479692326 0.9697955199526895 1.0293185364500592
2 12 0.059496649479692326 0.059496649479692326 0.059496649479692326 0.059496649479692326 0.9697955199526895 1.0293185364500592
3 18 -0.0753300659681124 -0.0753300659681124 -0.0753300659681124 -0.0753300659681124 0.9615975946475155 1.0369812273942631
4 24 -0.0753300659681124 -0.0753300659681124 -0.0753300659681124 -0.0753300659681124 0.9615975946475155 1.0369812273942631
5 30 0.003081164897066445 0.003081164897066445 0.003081164897066445 0.003081164897066445 0.9984582290225933 1.0015393975760845
6 36 0.003081164897066445 0.003081164897066445 0.003081164897066445 0.003081164897066445 0.9984582290225933 1.0015393975760845
7 42 -0.029241764413175896 -0.029241764413175896 -0.029241764413175896 -0.029241764413175896 0.9852706407819246 1.0145155318737984
8 48 -0.029241764413175896 -0.029241764413175896 -0.029241764413175896 -0.029241764413175896 0.9852706407819246 1.0145155318737984
9 54 -0.19748591915903574 -0.19748591915903574 -0.19748591915903574 -0.19748591915903574 0.8958315024830086 1.094296997692599
10 60 -0.19748591915903574 -0.19748591915903574 -0.19748591915903574 -0.19748591915903574 0.8958315024830086 1.094296997692599
11 66 -0.05531661159921235 -0.05531661159921235 -0.05531661159921235 -0.05531661159921235 0.9719482436841933 1.027286041762085
12 72 -0.05531661159921235 -0.05531661159921235 -0.05531661159921235 -0.05531661159921235 0.9719482436841933 1.027286041762085
13 78 -0.20566126207049487 -0.20566126207049487 -0.20566126207049487 -0.20566126207049487 0.8912568305093123 1.0980260753144684
14 84 -0.20566126207049487 -0.20566126207049487 -0.20566126207049487 -0.20566126207049487 0.8912568305093123 1.0980260753144684
15 90 -0.1270999908686386 -0.1270999908686386 -0.1270999908686386 -0.1270999908686386 0.934291180056497 1.0616496554271746
16 96 -0.1270999908686386 -0.1270999908686386 -0.1270999908686386 -0.1270999908686386 0.934291180056497 1.0616496554271746
17 102 -0.23521041415294772 -0.23521041415294772 -0.23521041415294772 -0.23521041415294772 0.8745224901893905 1.1114002043156856
18 108 -0.23521041415294772 -0.23521041415294772 -0.23521041415294772 -0.23521041415294772 0.8745224901893905 1.1114002043156856
19 114 -0.42159406116188863 -0.42159406116188863 -0.42159406116188863 -0.42159406116188863 0.7605300380906144 1.1923061943820843
20 120 -0.42159406116188863 -0.42159406116188863 -0.42159406116188863 -0.42159406116188863 0.7605300380906144 1.1923061943820843
21 126 -0.1813239194736359 -0.1813239194736359 -0.1813239194736359 -0.1813239194736359 0.9048072062745544 1.0868872616208343
22 132 -0.1813239194736359 -0.1813239194736359 -0.1813239194736359 -0.1813239194736359 0.9048072062745544 1.0868872616208343
23 138 -0.28350187950304473 -0.28350187950304473 -0.28350187950304473 -0.28350187950304473 0.8464621199421479 1.1329174195425917
24 144 -0.28350187950304473 -0.28350187950304473 -0.28350187950304473 -0.28350187950304473 0.8464621199421479 1.1329174195425917
25 150 -0.021882779342898943 -0.021882779342898943 -0.021882779342898943 -0.021882779342898943 0.9889980893091257 1.0108821787641222
26 156 -0.021882779342898943 -0.021882779342898943 -0.021882779342898943 -0.021882779342898943 0.9889980893091257 1.0108821787641222
27 162 -0.24017246951638752 -0.24017246951638752 -0.24017246951638752 -0.24017246951638752 0.8716808650438603 1.1136303109723567
28 168 -0.24017246951638752 -0.24017246951638752 -0.24017246951638752 -0.24017246951638752 0.8716808650438603 1.1136303109723567
29 174 -0.037632004299909344 -0.037632004299909344 -0.037632004299909344 -0.037632004299909344 0.9810035655898967 1.018642235674483
30 180 -0.037632004299909344 -0.037632004299909344 -0.037632004299909344 -0.037632004299909344 0.9810035655898967 1.018642235674483
31 186 1.8923880270863185e-05 1.8923880270863185e-05 1.8923880270863185e-05 1.8923880270863185e-05 0.9999905380151002 1.0000094618953717
32 192 1.8923880270863185e-05 1.8923880270863185e-05 1.8923880270863185e-05 1.8923880270863185e-05 0.9999905380151002 1.0000094618953717
33 198 0.021745450031724702 0.021745450031724702 0.021745450031724702 0.021745450031724702 0.9890675153740899 1.0108142510034792
34 204 0.021745450031724702 0.021745450031724702 0.021745450031724702 0.021745450031724702 0.9890675153740899 1.0108142510034792
35 210 -0.03951113510312258 -0.03951113510312258 -0.03951113510312258 -0.03951113510312258 0.9800453381843502 1.0195641888096711
36 216 -0.03951113510312258 -0.03951113510312258 -0.03951113510312258 -0.03951113510312258 0.9800453381843502 1.0195641888096711
37 222 0.013661753973110003 0.013661753973110003 0.013661753973110003 0.013661753973110003 0.9931456318319534 1.0068077045658272
38 228 0.013661753973110003 0.013661753973110003 0.013661753973110003 0.013661753973110003 0.9931456318319534 1.0068077045658272
39 234 -0.13897234942086797 -0.13897234942086797 -0.13897234942086797 -0.13897234942086797 0.9279157561864828 1.067226475224855
40 240 -0.13897234942086797 -0.13897234942086797 -0.13897234942086797 -0.13897234942086797 0.9279157561864828 1.067226475224855
41 246 -0.33914122554727283 -0.33914122554727283 -0.33914122554727283 -0.33914122554727283 0.8129322077840975 1.1572126967620397
42 252 -0.33914122554727283 -0.33914122554727283 -0.33914122554727283 -0.33914122554727283 0.8129322077840975 1.1572126967620397
43 258 -0.12262927503312301 -0.12262927503312301 -0.12262927503312301 -0.12262927503312301 0.9366806953102412 1.05954201192455
44 264 -0.12262927503312301 -0.12262927503312301 -0.12262927503312301 -0.12262927503312301 0.9366806953102412 1.05954201192455
45 270 0.3086451137359604 0.3086451137359604 0.3086451137359604 0.3086451137359604 0.8314775320259953 1.1439602762928267
46 276 0.3086451137359604 0.3086451137359604 0.3086451137359604 0.3086451137359604 0.8314775320259953 1.1439602762928267
47 282 0.39219095780145036 0.39219095780145036 0.39219095780145036 0.39219095780145036 0.7796210888621149 1.1799114194724325
48 288 0.39219095780145036 0.39219095780145036 0.39219095780145036 0.39219095780145036 0.7796210888621149 1.1799114194724325
49 294 0.4777341843260437 0.4777341843260437 0.4777341843260437 0.4777341843260437 0.7226796078996255 1.2156209048572848
50 300 0.4777341843260437 0.4777341843260437 0.4777341843260437 0.4777341843260437 0.7226796078996255 1.2156209048572848
51 306 0.47255399457612407 0.47255399457612407 0.47255399457612407 0.47255399457612407 0.7262547799662844 1.2134883578247153
52 312 0.47255399457612407 0.47255399457612407 0.47255399457612407 0.47255399457612407 0.7262547799662844 1.2134883578247153
53 318 0.3936679473307695 0.3936679473307695 0.3936679473307695 0.3936679473307695 0.7786732643857951 1.1805371435625267
54 324 0.3936679473307695 0.3936679473307695 0.3936679473307695 0.3936679473307695 0.7786732643857951 1.1805371435625267
55 330 0.43367647214192406 0.43367647214192406 0.43367647214192406 0.43367647214192406 0.7525447015680038 1.1973622977787148
56 336 0.43367647214192406 0.43367647214192406 0.43367647214192406 0.43367647214192406 0.7525447015680038 1.1973622977787148
57 342 0.4033726883255308 0.4033726883255308 0.4033726883255308 0.4033726883255308 0.7724165402646872 1.184640320234598
58 348 0.4033726883255308 0.4033726883255308 0.4033726883255308 0.4033726883255308 0.7724165402646872 1.184640320234598
59 354 0.23850476081439015 0.23850476081439015 0.23850476081439015 0.23850476081439015 0.8726369458059918 1.112881287835495
60 360 0.23850476081439015 0.23850476081439015 0.23850476081439015 0.23850476081439015 0.8726369458059918 1.112881287835495
61 366 0.08755144752824544 0.08755144752824544 0.08755144752824544 0.08755144752824544 0.9552217294805193 1.042857347640724
62 372 0.08755144752824544 0.08755144752824544 0.08755144752824544 0.08755144752824544 0.9552217294805193 1.042857347640724
63 378 0.275265489047529 0.275265489047529 0.275265489047529 0.275265489047529 0.8513134034845635 1.1292765334706683
64 384 0.275265489047529 0.275265489047529 0.275265489047529 0.275265489047529 0.8513134034845635 1.1292765334706683
65 390 0.4254146703998262 0.4254146703998262 0.4254146703998262 0.4254146703998262 0.7580140695265319 1.193907312315251
66 396 0.4254146703998262 0.4254146703998262 0.4254146703998262 0.4254146703998262 0.7580140695265319 1.193907312315251
67 402 0.2072344288332843 0.2072344288332843 0.2072344288332843 0.2072344288332843 0.8903738378718883 1.0987422030819076
68 408 0.2072344288332843 0.2072344288332843 0.2072344288332843 0.2072344288332843 0.8903738378718883 1.0987422030819076
69 414 0.33514701239393624 0.33514701239393624 0.33514701239393624 0.33514701239393624 0.8153851774505493 1.1554856175625623
70 420 0.33514701239393624 0.33514701239393624 0.33514701239393624 0.33514701239393624 0.8153851774505493 1.1554856175625623
71 426 -0.09494604112320311 -0.09494604112320311 -0.09494604112320311 -0.09494604112320311 0.9513432392553158 1.0463966939565525
72 432 -0.09494604112320311 -0.09494604112320311 -0.09494604112320311 -0.09494604112320311 0.9513432392553158 1.0463966939565525
73 438 -0.36002703666921526 -0.36002703666921526 -0.36002703666921526 -0.36002703666921526 0.7999831019032744 1.166201970787743
74 444 -0.36002703666921526 -0.36002703666921526 -0.36002703666921526 -0.36002703666921526 0.7999831019032744 1.166201970787743
75 450 -0.3031107849564237 -0.3031107849564237 -0.3031107849564237 -0.3031107849564237 0.8347989069491984 1.1415387794360836
